              precision    recall  f1-score   support

>>>lr=0.001, b=24, e=15
         top       0.85      0.86      0.86      1000
     trouser       0.99      0.98      0.99      1000
    pullover       0.83      0.86      0.84      1000
       dress       0.89      0.92      0.91      1000
        coat       0.84      0.85      0.85      1000
      sandal       0.99      0.96      0.97      1000
       shirt       0.76      0.70      0.73      1000
     sneaker       0.94      0.97      0.96      1000
         bag       0.98      0.98      0.98      1000
  ankle boot       0.97      0.96      0.96      1000

    accuracy                           0.90     10000
   macro avg       0.90      0.90      0.90     10000
weighted avg       0.90      0.90      0.90     10000

>>>lr=0.01, b=24, e=15
         top       0.88      0.87      0.88      1000
     trouser       0.99      0.98      0.99      1000
    pullover       0.88      0.86      0.87      1000
       dress       0.92      0.94      0.93      1000
        coat       0.84      0.90      0.87      1000
      sandal       0.98      0.99      0.99      1000
       shirt       0.79      0.73      0.76      1000
     sneaker       0.97      0.98      0.97      1000
         bag       0.98      0.99      0.98      1000
  ankle boot       0.98      0.97      0.97      1000

    accuracy                           0.92     10000
   macro avg       0.92      0.92      0.92     10000
weighted avg       0.92      0.92      0.92     10000

>>>lr=0.05, b=24, e=15
         top       0.87      0.87      0.87      1000
     trouser       0.99      0.98      0.99      1000
    pullover       0.90      0.87      0.88      1000
       dress       0.93      0.93      0.93      1000
        coat       0.86      0.90      0.88      1000
      sandal       0.98      0.98      0.98      1000
       shirt       0.78      0.77      0.77      1000
     sneaker       0.96      0.96      0.96      1000
         bag       0.99      0.98      0.99      1000
  ankle boot       0.97      0.97      0.97      1000

    accuracy                           0.92     10000
   macro avg       0.92      0.92      0.92     10000
weighted avg       0.92      0.92      0.92     10000

>>>lr=0.1, b=24, e=15
         top       0.86      0.85      0.86      1000
     trouser       0.99      0.98      0.98      1000
    pullover       0.86      0.83      0.85      1000
       dress       0.90      0.93      0.91      1000
        coat       0.85      0.87      0.86      1000
      sandal       0.98      0.98      0.98      1000
       shirt       0.74      0.74      0.74      1000
     sneaker       0.95      0.97      0.96      1000
         bag       0.98      0.98      0.98      1000
  ankle boot       0.97      0.96      0.97      1000

    accuracy                           0.91     10000
   macro avg       0.91      0.91      0.91     10000
weighted avg       0.91      0.91      0.91     10000

>>>lr=0.5, b=24, e=15
         top       0.00      0.00      0.00      1000
     trouser       0.00      0.00      0.00      1000
    pullover       0.00      0.00      0.00      1000
       dress       0.00      0.00      0.00      1000
        coat       0.00      0.00      0.00      1000
      sandal       0.10      1.00      0.18      1000
       shirt       0.00      0.00      0.00      1000
     sneaker       0.00      0.00      0.00      1000
         bag       0.00      0.00      0.00      1000
  ankle boot       0.00      0.00      0.00      1000

    accuracy                           0.10     10000
   macro avg       0.01      0.10      0.02     10000
weighted avg       0.01      0.10      0.02     10000